164
0364
4738
3488
7615
391
5993
903
3281
0044
8507
2342
8516
205
5305
2775
5787
2095
4161
3853
9152
2248
3143
6593
8205
7163
3534
4042
7073
4309
1489
0915
276
1435
7992
3247
8240
234
1943
2315
8738
7054
1540
5346
703
3321
3061
2072
6751
6000
8822
9379
3556
1737
3095
6480
4551
5590
1549
1794
2612
4386
0103
2951
4768
774
1736
2143
0335
5063
0777
208
5378
2067
8633
798
2373
581
7736
3416
1703
0639
8587
1471
6355
569
8824
3402
0595
6509
3259
7207
6467
9387
6246
4599
5512
0304
1187
6143
0001
7652
65
0128
4265
5077
0180
571
7405
6768
0054
7172
5509
4068
0673
3879
0917
6542
7550
3832
7904
0380
7284
4364
3249
5854
5797
7502
9196
4027
3002
9242
3263
756
2021
6894
6987
4972
9128
62
1980
981
2202
0262
0478
0908
6162
5154
5963
1067
750
6658
7801
7797
4770
4914
5621
2112
957
019
171
3193
1411
8518
646
7693
2238
8141
0382
7591
6678
281
8004
1687
2771
3413
0964
8588
9396
1897
2686
106
1832
8933
6908
7023
3953
5935
1118
817
4319
5788
1965
4614
605
6837
3898
1650
8126
0056
2725
04
2668
5571
8942
4538
0970
0910
4017
1899
5759
5126
7252
2676
7300
4205
8087
1613
3747
2134
427
7526
0102
8290
2453
0820
707
0816
3478
2815
2549
1280
2930
4628
7876
7811
315
6799
6236
0763
1017
913
777
3179
6754
5054
780
1378
6352
1757
0657
114
5848
0656
0101
6358
8366
6045
7878
2973
4697
2879
4871
8113
5484
4481
9422
0773
7055
3669
1581
4579
7236
3502
182
6321
8574
401
8543
0100
7221
3473
4206
8244
0301
3125
4959
2710
686
637
4812
5820
2420
5254
6976
6486
8185
3848
2505
0722
7424
4299
1134
4455
6816
6909
6564
7085
5277
437
4477
3132
8747
6025
5296
2703
1387
3663
8023
0072
0568
8811
1604
5269
8046
5775
1277
303
7285
241
2848
3335
4110
6917
1615
7015
7466
4157
2114
4562
0714
0051
7266
2832
2628
5632
8098
1369
7831
199
1131
2677
3240
4275
085
7955
2625
7819
0021
2866
115
3487
2577
6241
9324
0912
7325
9247
8894
852
7112
3119
9186
3456
1440
513
3994
4642
877
6667
6975
4028
243
7362
3023
5450
9368
0703
4180
4783
1276
7094
2999
468
6922
2047
6009
6403
0038
0621
136
3440
0442
2188
3942
851
242
2357
01
7677
5725
4606
2213
6785
0760
8169
951
3772
2235
6030
1498
8680
1602
5750
4739
5187
2529
0567
7945
8432
0109
160
9410
3930
0255
1851
5667
8703
1081
8294
2113
3419
5275
5329
8059
335
3805
6472
2184
433
3641
906
8396
1322
398
3274
4942
181
1627
1406
5860
1015
6187
522
0843
8553
9246
7425
4029
8748
209
2063
3606
7142
4170
7302
1730
8607
2822
0770
3718
3019
6396
457
3450
8190
8531
3756
6985
1328
2709
6700
7310
9349
9264
2137
6409
269
6336
768
3233
4746
4390
9307
8029
5721
3841
1682
1046
0988
79
8070
3383
0504
3627
3232
8002
7341
7791
8052
7414
7337
8563
7935
2851
5163
602
0372
1472
8248
3251
4922
2106
1565
2909
7540
4925
026
755
1513
1538
1525
598
8875
3886
5560
8350
1749
7224
0745
691
7040
7958
1494
5056
8818
4888
3921
1728
0939
1178
3366
766
8908
8923
9340
4301
0994
3531
5135
175
2952
5301
0870
1266
9350
1306
4826
8209
6729
4030
3055
7133
1937
0359
1560
4102
3009
1029
8497
5575
458
6265
1016
936
0956
4149
8408
2011
2559
8805
1815
4126
4227
5839
8200
8616
222
5071
0697
3421
8388
1035
0020
0279
0204
6607
4485
5668
0169
8391
8585
7605
4695
5406
7011
7783
752
4128
6153
8938
3434
2170
2393
352
6483
0930
4863
2085
3820
6347
4563
61
5005
5746
9301
0045
872
1145
6979
5007
6243
2665
3096
7764
882
3459
4155
1883
4876
2128
1380
8866
5598
2594
8348
2993
4541
4809
5328
0164
7355
1814
8842
1142
3174
5532
5828
321
3601
2317
9216
3816
5095
3945
9413
8500
9156
8249
2691
3484
2446
7902
014
6371
6680
0321
2528
6433
6794
5125
6391
8441
5183
8488
6451
1465
6466
5100
3681
0317
5629
1401
2555
9210
1432
3843
3589
7714
2245
2870
9125
6888
0942
3936
2497
4285
217
7156
7539
98
6418
2742
1919
0708
0547
7134
2138
7661
2077
6999
1904
218
8055
8430
1157
6694
9197
9337
3391
7455
6422
9263
007
8752
7318
3378
5893
3005
0172
7766
3795
2645
5306
7726
2942
6885
3253
4032
3277
7028
1173
7849
4895
4427
6087
369
6022
0320
8754
1961
7577
657
8413
842
8792
7481
3862
2739
4462
0620
9319
7187
0464
4312
7984
604
5753
7373
2088
7121
5547
0847
3572
1496
4629
4753
5084
737
8207
1979
4828
0314
1777
0201
4187
8072
6938
7857
2572
3929
2387
0676
2958
7059
1316
9392
123
0627
1252
1824
908
5222
7110
8323
3098
7360
4572
1028
2396
2487
8839
0213
1429
6698
6357
7233
4343
6940
6327
6202
0570
7931
1320
641
3507
1325
3739
262
660
4322
2841
5064
6702
3622
7050
6995
9373
0196
5761
0882
6918
3900
4342
142
1931
5825
894
0840
0544
0691
4883
2149
7269
8140
5418
2439
1287
2006
2941
0462
2541
2600
299
389
4080
5065
1256
7839
0447
2586
5760
0289
7423
2844
988
504
319
0846
9390
5959
0998
9109
1785
8194
7524
2045
3931
0293
4674
3347
1237
2459
5380
125
7920
2552
1485
4516
5431
8709
6225
8447
7939
1806
8415
7093
8614
3451
8008
0138
6127
87
0860
1787
7186
4947
3287
8544
5704
727
2755
1303
9132
1942
0775
7851
728
028
6679
296
585
6834
4353
5181
3080
5400
5320
4880
4429
8989
8506
0982
6096
3915
6206
6631
7922
3703
2428
4580
0550
7869
2953
4016
2880
9179
7151
0767
1813
706
0933
3083
0027
4622
1986
4663
6027
2783
5913
1545
4726
8881
7214
6118
409
2300
5593
2598
8812
7135
4849
2902
7193
9306
9104
3367
3807
3793
3677
700
6900
5693
8809
1577
4832
992
7543
7262
0957
5791
578
1996
3381
8746
2322
2402
6841
461
587
1408
0991
8510
5755
8215
2589
2540
0245
950
7492
259
400
2584
7108
2440
7402
4333
6587
466
0672
7390
3425
9399
1393
2201
6109
1886
5925
8181
2027
3124
4484
5670
6903
6050
9426
3464
7275
3719
2438
6091
4532
7889
328
0134
4103
3972
6778
6235
8458
4281
2854
7796
8671
416
4597
6905
8558
4328
8705
3435
6926
2127
9262
6194
3648
5421
7118
8998
3662
1801
6270
4856
7675
8611
010
5104
8664
2337
3548
890
5655
6734
5340
9211
5390
8337
8784
863
4878
8742
4948
895
0129
7406
1872
518
9327
4345
0787
06
3595
2687
5121
8124
3431
1976
4043
5556
7571
4928
2210
795
4802
9320
5973
4788
7203
2024
0309
153
7953
2773
1233
7996
6257
1913
4160
2146
2633
7329
0888
0123
69
1745
2383
2293
8254
6117
4833
8698
6229
632
8605
4817
0617
1073
55
8033
5809
4263
8848
5137
2356
4703
0485
4881
373
1571
3723
3153
4560
7705
7375
1663
7888
0814
4440
4617
4436
7940
2565
4517
6155
5145
1049
3850
1242
7997
6532
6359
820
7820
207
3510
2660
5630
6299
7149
7199
934
2299
9257
1004
1878
8
6238
644
7609
378
5353
1582
7132
5198
640
4763
5282
4611
9212
2359
1997
8198
1346
0806
8257
5439
5042
3157
4759
510
7200
2309
7698
374
622
1018
6533
7079
0133
1936
1968
0061
4469
674
6108
3517
5010
0978
8226
7776
3426
7932
1192
3105
658
1568
7779
5075
9123
4442
8712
7805
3705
940
0139
0857
6586
8444
6911
5285
6439
7196
6561
8862
3896
8081
8303
4081
8627
9331
6310
3895
7178
7170
8449
4190
7618
1940
7014
4725
735
3150
2661
919
1692
2807
5625
2264
2152
7061
9267
8440
2955
73
2130
4244
4794
7216
4201
1711
6761
8683
2512
7700
9270
5109
0008
819
1021
048
8256
8309
1041
2119
8739
3085
3742
1774
0270
8174
2948
6437
3829
5539
7276
6267
2800
7601
7467
2950
1706
6123
484
1330
790
8872
6921
7353
8994
5107
2838
6129
2426
8530
7829
3030
3123
0854
561
5886
0742
8796
3379
2697
4842
434
7265
4013
1441
5132
0968
7522
600
3788
1870
5941
0759
5905
278
4652
3958
2685
1229
2437
579
224
7697
212
4601
2651
2595
6661
3397
0748
1655
6540
0589
0519
5391
2738
0799
902
4490
0886
8011
762
953
9256
5885
4362
7279
2190
3212
9286
7167
3611
190
4534
3070
6271
2413
5463
8514
0142
1623
6142
3621
2967
4755
3847
0940
669
8089
5983
8360
4320
7120
5265
733
2365
5891
4505
4124
8660
905
8414
7859
5147
1923
3924
2596
7732
5165
8549
3753
5972
8540
7752
0444
0010
8737
0322
9329
5599
4973
4385
7706
7658
6095
2543
7919
0152
5235
4257
2350
095
8342
1241
6989
9173
0659
2740
2015
8136
3283
5978
6269
1418
6168
3546
7397
6461
7861
671
8110
7754
675
9316
4326
3661
3010
8354
1009
0086
8615
8963
2655
1819
383
6324
1631
0084
5111
4868
0919
082
5308
7767
2009
683
736
5525
2962
4722
8535
133
0969
2986
4282
6521
8924
8199
344
229
8036
5465
7965
6166
969
1215
5413
8006
2939
7551
3285
3951
9141
3496
0221
6628
4988
6088
227
9250
9344
2140
6711
9414
0769
8895
4051
7213
2474
639
8854
60
0177
6592
6652
3130
5228
6830
1210
7044
5903
4169
8974
6459
7596
8273
8977
8837
5933
5434
6136
7370
608
1075
332
1802
5887
7673
4268
2769
6266
8978
5988
5606
7075
7894
9220
2862
808
7995
614
1709
9153
7942
3146
5458
4046
2901
7579
3639
0097
5396
86
6949
9238
3959
2262
7256
334
9285
5500
8446
1462
1162
3607
963
1163
5952
2370
0895
2367
2278
3348
3293
2360
7143
0684
3944
6036
8886
4382
6223
3740
5374
1304
719
4167
1879
0976
502
2075
5258
6508
9318
8213
411
7046
6219
3545
4363
0161
5781
0694
5651
2679
1689
0537
5544
3438
6589
7685
5690
0721
4089
4733
2417
4854
8878
2294
8263
3632
7166
305
1040
7388
3216
8829
1459
1748
3712
151
0838
2214
6813
2333
2795
9378
4619
6611
5857
1508
8532
6054
5658
4564
3235
8541
1231
1903
2334
2374
6868
5805
2194
0925
860
6575
0425
3102
3229
6622
5076
7153
0175
1474
0210
288
1342
6636
715
1970
7030
0178
6501
2267
041
76
7427
5850
5783
4520
6755
7211
0104
1291
0188
2758
4137
152
7103
333
6197
5159
7672
0807
550
0861
3554
450
2864
7431
4439
7122
8934
8569
0791
3701
1591
8699
7357
4284
0626
709
7126
2445
6232
3522
7454
1453
3827
56
8757
8733
2400
987
0662
8770
1567
1499
1121
0407
6293
3749
1856
311
9223
163
0973
1647
5672
5220
0344
5379
2793
9365
3540
6251
0037
167
9181
3020
0681
3650
2789
2564
6865
2913
1825
3643
0802
5218
7686
8715
2765
7438
030
1700
8127
2808
493
8050
6657
1094
7555
6671
4744
0155
2874
7428
8487
2092
4178
8807
5592
5115
7864
9146
331
8539
6220
4283
0356
5607
3176
9205
4804
4296
3336
6519
8863
0901
0634
0387
3956
8083
8100
1445
3184
6893
8339
3339
0546
3976
3683
438
8582
5482
249
8301
5059
8597
5445
316
7218
5591
2748
0710
5247
964
1144
6633
0717
1203
8927
3090
4018
8760
4311
1861
1610
2124
7525
5557
449
8010
3082
6068
4408
8022
1849
1179
7435
1119
2833
1001
5501
472
4497
5319
4884
7479
3088
8590
0218
5579
4002
7198
3265
4994
3779
3313
6730
0889
4007
7867
5214
3318
871
4501
5577
653
5441
2041
8024
092
6363
6231
0808
0094
7830
1164
8547
4056
1026
3048
31
6812
3243
4504
046
0199
4067
8857
0292
0584
9419
807
6181
0810
1413
2406
5110
4511
6820
8838
3925
8771
21
8903
8823
478
1593
0892
6670
5008
1660
8135
2895
6772
9275
7451
5402
3294
8377
4805
3311
5250
4621
1939
7070
5559
462
8888
0065
9418
309
1958
3475
4273
1332
7419
662
6752
4596
6031
2004
5399
6766
4523
6823
8560
4524
7669
0307
1573
8272
7847
7795
367
95
6747
3326
8658
0345
1654
6421
1214
5409
1193
7292
6579
6838
2412
8731
2620
3638
8608
8075
4416
7291
3357
5152
5919
7058
3270
0580
5733
126
2489
9391
8277
4935
9255
0926
7497
385
3031
7106
4264
0193
6959
7145
4196
3452
8858
938
5612
1084
3947
9308
8579
843
2853
1272
0267
0273
1576
563
4451
769
3355
5452
0712
738
0747
7681
3395
4223
8979
3818
8571
8000
7175
7971
4431
3979
4921
1524
2632
1497
555
3888
8525
596
4011
1375
3037
0239
8906
1487
8638
0658
0510
4448
0542
4698
088
3713
5175
6173
2984
3398
8227
0744
6525
2341
5513
1977
8015
2502
113
6643
3767
3208
2835
2840
8756
8665
5161
2081
7642
0107
6125
5092
3077
1773
418
2002
0256
0217
1253
5057
1666
7621
8509
5688
7549
6527
1716
1926
2436
9425
2022
055
326
6428
6139
203
3668
4215
4271
7680
395
2575
4644
7228
3516
797
2797
7552
866
4278
3523
0825
4316
7471
6217
8634
5079
3541
759
3106
1036
3738
2883
8902
460
590
5312
5326
7336
5052
1502
2162
8068
0987
0132
3878
875
6337
2692
4656
80
8056
9131
7722
6842
5209
6058
2811
1116
2139
0877
3506
1964
5466
4799
0163
8840
3883
2141
2089
697
4200
6775
1003
954
9352
3351
2508
7349
6655
4780
4932
0591
9243
1420
997
3213
3217
6368
4561
2912
3571
917
5124
8899
1020
6511
2517
5436
3702
1928
067
8202
3194
8584
4535
5295
4120
3044
1126
1929
3693
8338
3152
2712
3231
1702
8928
8593
4294
1198
7096
1161
6303
8094
9195
4549
1158
4990
3389
5880
6602
0585
0285
4748
3609
3013
8817
7324
9172
5876
7136
7006
8956
1506
7280
1527
9311
8468
9330
3660
6846
0266
6290
1742
0730
0522
2858
4989
1372
524
1422
5785
2735
4790
00
8568
8885
754
5642
9178
7622
3258
1863
3032
283
4113
8855
2520
9364
2741
8234
8778
4687
4965
8626
4649
4460
0990
8882
7929
3561
3199
937
8182
5224
9134
4766
3690
5558
481
5602
5698
6277
5889
6423
365
1114
7010
5148
5938
4600
1960
4410
3256
4782
0265
7301
3111
8330
5048
1058
8940
8589
3394
7399
6588
4487
0025
9121
980
5072
0370
7500
6598
5518
3876
6899
3204
0927
5410
1062
3871
027
195
5565
4627
3178
9180
6951
093
789
2716
7575
2693
0242
4701
8717
501
8143
4235
5322
7826
102
5586
3117
6672
835
339
6994
5666
5960
6182
82
159
6822
1331
4474
2619
5324
3968
8473
1007
5664
1511
5796
5403
0146
1396
0233
6351
7741
0052
7740
1629
0687
1562
9157
1356
0423
1768
6625
6891
8179
5288
800
2683
8969
4874
6536
5710
0091
1454
6051
4675
2524
5201
7465
7042
056
302
0501
5869
8552
2860
8495
7060
2905
1066
9339
6228
7371
6883
6471
4536
3230
7891
2925
0558
7884
3967
519
0536
8111
0472
1403
8901
5033
690
004
6499
2638
6867
7711
1169
5516
4407
3144
6843
577
0738
7775
5729
0749
6788
8368
2161
2696
7511
7595
1361
2534
9115
1950
2306
8898
5763
0369
5522
8233
4458
6845
6632
6952
4047
6880
8262
1822
6350
0992
864
8813
4280
5682
5472
4153
0248
2390
8789
07
9160
7253
7581
2464
6320
8476
8678
4843
7948
6410
1974
43
2857
5681
0261
8780
1065
5856
4906
8716
2886
2031
448
5942
1473
4653
5338
7263
6085
6674
1434
7584
0019
5435
145
3800
1630
4637
8252
3874
8697
4194
5741
388
6214
5440
5174
3017
3600
5505
0378
4418
2314
7441
2530
623
1293
4641
2123
3242
642
6282
4573
3133
1535
8245
7458
0494
618
7331
6364
5298
7311
6650
93
4145
3035
6381
4213
0803
506
1708
9200
6272
4907
2772
0671
8236
8043
2674
7090
2523
5793
10
7866
5
0512
3026
1842
4731
003
8109
8622
6727
6854
3448
6475
815
5923
2354
5469
363
2169
7258
4834
8915
0388
8667
2817
7748
6227
6415
8800
0009
7146
440
5253
1448
1200
5217
6520
7206
6440
4772
8058
8104
8897
6069
2816
4270
419
1176
0952
4259
1764
8228
1208
7648
2554
4401
6260
3860
945
1770
4745
3279
7380
8625
5689
2657
7777
4152
6425
8322
3296
3880
6157
219
6042
2054
0250
2029
2936
6444
8868
1949
2580
8161
0083
3220
8564
6115
9290
7091
3819
9199
8361
2061
7585
2358
275
2920
7600
1108
7504
6043
7802
8470
6795
3653
6077
3291
4262
0739
2666
3284
7485
8102
338
7870
23
498
90
2330
3039
6382
0801
5261
5530
0347
0837
845
4093
6152
6378
6642
6302
5895
0281
3166
5302
3034
8260
0060
809
4962
5873
8662
4662
6713
022
4646
8982
3404
8834
3386
9175
8566
3514
4065
990
2981
7440
2312
8335
8973
4334
4507
6581
764
9166
2013
9185
6664
4422
7792
6684
802
5168
5405
5268
8673
0212
4175
1141
435
8352
5504
5363
7804
8851
1519
1635
2556
5595
844
2706
0565
6370
020
0446
235
124
4916
2237
0618
2447
2082
701
2627
0704
1064
6697
1109
7844
3360
7386
83
8462
7204
5359
0039
0413
5377
2761
3974
6112
869
3205
8936
2678
7746
1981
7616
4040
211
5888
6736
8304
6215
7250
1240
5626
1426
1799
8165
5641
6665
6484
3916
013
5419
0955
3228
4486
2694
5408
4559
3433
8787
1147
1371
2872
0719
1544
1045
1159
4589
1395
5013
0980
087
8599
4428
1533
2191
1217
8478
8220
4049
4565
0326
2291
2096
6020
8884
8448
8443
3808
8299
7696
7182
364
2363
7928
7209
3861
3323
757
0324
3135
3040
8346
0018
8114
1421
722
480
0637
7561
4489
5627
149
2298
3288
4211
7640
3485
3053
2642
5195
2482
6169
6314
7124
5140
5081
3528
1909
2040
8284
1572
2702
9376
9367
406
4743
7590
8542
2019
2558
971
3804
7990
6833
6615
7765
1677
2431
6039
927
6896
2929
4861
7484
1199
3340
7433
4014
1890
0069
4650
2192
9187
2998
2108
8846
5648
7005
6560
5046
3658
2606
7482
8355
6001
7494
4434
2637
0181
1265
6017
9388
2731
1394
4105
7750
1409
3369
3817
0812
6818
1993
254
214
251
6850
2434
3764
4004
8735
6714
1334
0963
0050
7462
1247
0474
0962
6758
1490
984
0781
1683
1359
3358
6539
4350
1816
5594
1132
3543
6389
3333
4515
8435
2231
8183
994
1833
5206
5066
503
0392
6288
464
3882
366
8465
3873
6577
2404
2080
5694
3012
1695
8404
2649
6890
6280
6465
0700
5918
7313
2163
9171
3417
5535
5446
5929
6610
5842
4784
4072
7098
286
3362
5365
8133
5170
7035
7834
1855
1129
9389
1428
4237
5426
9113
9310
0432
2623
6981
3495
7013
2476
2943
4134
1148
1263
5977
6305
6397
7926
7689
1376
4844
3262
1258
5016
5197
8567
230
1827
7323
0078
6852
6035
1313
0090
5342
6392
0033
3910
7812
7084
7299
3489
5031
1983
2046
2388
7678
4099
0118
6763
5531
1482
5911
7372
7956
1032
4191
486
7352
2715
6092
4302
2414
2157
6858
2042
2200
2273
2906
2659
5686
6211
4129
6300
6084
1696
3252
5264
8562
2756
1614
2060
6840
0611
2578
7376
8429
7453
489
6454
4185
3201
7702
0224
5608
7897
3741
8363
117
1082
4245
2717
5227
1460
6356
7315
6353
4998
983
1752
933
4620
67
6221
5997
2175
3584
1168
5991
5352
7875
0756
7019
2501
6406
6529
6821
1678
2766
3961
3356
0117
1218
8288
455
6477
7140
4380
4378
5899
5915
726
1902
6318
8645
4277
0921
0555
4585
7169
036
1724
2470
4395
7281
0615
8691
6469
1417
1847
6966
3345
557
8271
3458
5199
6160
0002
526
9140
4801
5172
5570
1379
7991
5205
7248
439
2603
7556
3148
8216
4383
812
3634
5062
9295
5752
6630
848
2305
4634
2787
5552
889
6992
8913
0394
6380
4976
2663
7818
2878
2533
0430
2328
6061
1290
4531
4648
9279
4338
0608
7430
861
7469
1486
9292
9150
4827
7856
4470
3969
7417
609
7789
7051
8358
5808
0144
4248
5767
4542
6490
0841
7843
6262
1043
0900
4734
0798
6618
1470
7201
0236
5790
0026
3401
702
4720
1882
2051
1622
5180
6412
530
6939
0032
5996
5257
0827
270
1530
0967
5524
0143
2364
7653
0779
236
2784
7194
4421
7385
3588
6986
5341
3415
7882
428
049
6135
1400
7710
6494
3330
7629
148
176
3590
2165
6645
4729
5422
0208
4021
0786
5239
2303
6372
5468
469
1691
7846
5633
1248
619
8821
4558
1760
7860
4202
6016
2842
7049
4318
7842
8218
7813
6956
2924
650
2899
4920
271
6110
1733
2515
6164
4767
3552
5884
1783
4432
9420
2316
1873
7403
6195
2286
0182
6876
7326
2153
0632
6676
7401
8163
4981
0475
771
4857
1795
6514
8130
2785
2486
1483
0028
054
3225
9271
7317
2805
3430
999
3424
6769
8930
3583
3086
7512
0897
0223
442
3422
6555
7343
358
572
0471
8636
2947
375
291
8247
1063
0306
5807
6234
5006
5317
2516
379
2824
74
4613
1515
2296
567
8922
1751
4557
7183
1298
1911
4593
5962
2287
2897
0093
2916
564
4493
7255
0029
4870
7039
4583
8554
995
5345
4603
307
4836
6544
294
6895
7908
3567
643
7328
7709
1392
179
0653
477
2036
8538
7097
4530
1338
5344
3325
0348
4718
7969
0219
3449
5584
0863
2652
4088
8844
2018
5323
6145
3324
695
778
5921
2105
912
3006
5284
6313
1013
2892
4091
6487
8939
2631
3392
9338
6688
5910
1874
7727
4785
325
3042
9221
0527
1522
3406
4256
4233
1731
8786
7415
7654
8395
8037
8086
4503
1588
4066
3494
320
2421
7530
7457
0680
1995
9228
5336
4357
7979
7887
39
5331
7503
3796
5000
6057
4391
0630
0947
0885
9227
8718
1504
8701
186
7635
0524
116
8954
5495
322
4024
5811
3467
4197
541
3382
7261
287
8045
7400
2728
3908
0539
2376
7053
6191
0509
7316
0923
8758
0386
5325
3189
3198
5393
3092
8646
0774
1694
5861
7719
8833
8016
1481
3403
4398
5131
4680
3645
6681
3889
8231
5875
6470
4618
4209
2384
1457
5804
4831
8681
0881
6148
1447
2971
8772
3171
3752
8970
0826
9353
3529
7519
6411
4555
4823
5514
5186
7610
7735
1221
0438
4292
8097
7092
4950
3938
5995
8471
3273
0603
7513
2257
5437
5866
9397
5975
8237
3409
0375
5486
8176
6869
5720
0505
0449
8039
210
2969
139
3377
1006
7191
6049
7808
1668
5262
5025
6460
676
1523
1352
9280
0785
0075
253
7827
308
8286
4409
0431
3518
4070
5204
6348
893
7603
2133
6198
6882
8945
8402
256
0383
1551
6457
8137
1528
896
5782
3736
4229
5162
4717
3052
2222
2746
3137
7968
6147
559
8160
11
2236
6898
0308
7071
3893
1019
5673
4869
6576
0758
7271
0332
8314
0057
4061
9108
2403
2339
8522
0600
5216
3028
8759
4911
1643
1350
9416
5934
8688
1743
0058
8957
0195
5082
6366
3371
5956
0316
6832
3060
3867
1885
4982
8154
2381
2415
0650
237
3301
0530
9304
6925
8576
7742
6606
6897
7041
8297
5989
2503
9380
1649
5867
4904
8502
7102
3512
189
5715
170
1617
073
1138
876
3696
5153
6404
529
4031
5090
3593
5134
8224
3581
3267
0229
6699
4607
1309
6188
6748
9284
6497
1707
5883
4078
1871
2968
9213
446
8655
8251
532
0642
4567
7439
4829
5800
6814
773
7531
0062
2147
6070
6829
0476
260
0498
9190
0015
0190
6517
8472
7739
7905
6638
6673
0778
7626
482
5215
9222
6809
7769
6279
8546
2246
7707
6275
8734
3903
1191
6458
0353
1305
0752
1099
6445
4499
8255
6782
3911
5985
2043
1985
7695
3074
7778
5428
372
8640
475
6616
8397
2443
910
1665
5847
111
5360
246
5917
2681
6134
5511
2891
7862
2714
1947
6635
7612
6113
5330
44
3066
4232
8768
533
8719
068
2216
7649
8843
5878
8232
2053
2005
907
051
6641
8700
0007
3067
3620
4875
5311
1088
8743
1741
8049
5133
0451
2212
5381
3544
0613
7998
7730
8879
8201
2450
1727
1876
6648
0564
1734
5096
6342
5644
1103
0571
7980
7383
4083
4702
4310
4777
0727
5708
6203
3268
2903
8931
6725
2510
005
4923
582
4510
7650
2395
553
7114
2091
8870
5821
2527
0299
4664
3973
261
9421
3801
8501
3630
4001
3730
6805
560
6346
5252
5892
245
4000
48
9335
6797
1714
6569
6928
7986
25
4116
8486
7717
6104
6767
1235
94
6434
4537
5970
169
1510
8609
2849
0899
4533
8096
0456
2722
8591
0480
4568
6463
0553
4913
7747
081
5748
8572
891
8575
8450
3578
3605
7195
0087
4035
8619
0723
6647
0122
7490
6086
2757
2159
3673
8804
6233
6817
7602
184
015
3183
9231
8764
516
4696
0
4660
6144
2083
3729
0492
6498
7749
7369
2156
7676
6063
3396
7832
185
5634
3372
8702
5526
9102
4097
874
3797
0121
6283
6660
1713
7753
1250
8079
7835
5456
250
8604
5810
0170
7421
2618
3865
5832
0339
0036
6488
463
7235
7225
5271
2949
3349
2643
1294
5864
5438
6489
692
6408
6478
2590
1037
1022
8425
1072
7395
8561
5736
8069
2977
8968
491
3731
5650
3169
1599
6420
8782
3993
1553
4476
7756
1050
7588
7346
6550
4279
4968
839
1480
4009
0214
4225
7249
565
0336
1952
1917
8637
4377
0741
9298
5055
0240
108
4651
8668
8873
3651
824
5479
3839
5732
0434
4853
5812
8648
3980
5945
84
2819
4800
0629
6354
3159
3429
3129
6128
4050
0254
2059
5714
8850
2048
2960
1442
1201
535
5702
6543
2733
3687
5675
0890
2186
1680
4348
7761
7833
714
5665
0454
5350
40
0830
8723
6427
4365
8491
032
6213
3852
6442
6977
2033
1283
2346
7027
2251
4786
5987
146
5234
2767
2435
1244
573
063
327
6023
7412
0198
3591
3322
2813
5370
5103
5255
5362
1260
2478
4848
8175
8466
1156
3192
0237
5930
6537
5202
5874
8266
6018
4360
806
7613
6879
9369
2100
4087
2353
7619
3610
3399
3455
3670
0503
8382
3946
636
5177
0499
7660
6502
397
7205
3618
45
6649
7720
2996
1027
2098
5256
2182
4821
6941
0436
0833
7786
2078
540
255
1297
6247
595
7448
6286
5108
2876
8064
8317
7988
4494
8889
5660
1175
7251
8106
630
2569
4556
2896
5219
7768
6441
6393
935
011
6011
3825
689
7918
1739
4810
4936
2240
353
5480
8278
6322
4924
1054
2736
6289
3342
225
2198
9305
131
749
4495
031
7516
1464
3062
2656
858
0623
8967
7333
2107
8393
2806
7306
7410
8798
7257
5926
4643
7463
1607
1763
5106
5444
2834
514
4488
1670
3619
0554
6669
8329
1944
8261
0409
986
4054
7407
101
0244
3525
8520
6274
8253
0977
2779
0017
7009
2488
1239
1085
454
4394
6124
5613
7599
4208
1880
2283
7086
6757
1430
4623
6038
8482
0220
6541
4647
9260
5728
0948
5976
1038
8696
0924
143
4958
7029
4679
4388
3437
2593
6130
4887
7008
4123
3047
4693
6131
6335
6568
711
9151
4064
157
1782
6407
2408
3050
1096
7993
5762
7392
0614
1329
3922
3765
2826
1978
6971
306
0677
3676
8722
2066
3728
2945
6726
6718
392
0197
4249
6343
1495
8523
5768
8208
8918
6570
849
0920
8328
6546
6174
3312
7474
0698
5583
471
8985
8287
3112
4143
0764
2351
1826
7240
3717
6740
0636
8727
5475
2544
881
1386
1202
880
8729
1219
2788
5355
6332
7404
3652
025
3332
0400
705
7222
6297
8905
8025
1172
7043
0906
5551
7052
0534
9297
2215
7295
4592
6875
4707
7893
5167
2582
4472
5489
6600
3637
8595
2818
6105
8454
7155
4952
554
970
0851
5464
5498
5040
4666
5687
1769
0013
7663
8827
3905
6333
8730
4459
1080
9225
2265
7907
177
2935
505
0731
4166
2225
5619
5773
2670
0411
7954
8162
5563
72
1765
8832
8118
2700
0531
6937
1056
204
6205
0995
350
974
5192
9235
0379
1771
8053
3532
0607
0762
1600
0488
1077
1195
038
1461
899
7223
3783
8914
0186
083
5314
2635
6176
7614
2451
6199
8077
2827
1152
8972
5846
1476
0848
0162
1186
6165
3128
3830
323
5814
7154
2425
2859
0300
5267
2206
3486
1840
4590
6704
517
5039
298
5116
7823
1754
7743
5569
2301
1605
4106
4136
2719
0993
8071
2689
4792
3557
8243
22
8151
1500
6691
0395
7541
3666
9266
2803
3376
359
5769
868
5138
4109
3308
8767
137
8431
5091
5332
0855
5414
5459
5881
8672
6062
1761
9182
3835
4219
1963
017
5801
1941
6029
1585
27
7486
3214
6338
4892
3509
0548
4545
2585
5307
6565
1852
5742
6287
6186
8494
422
0397
4295
3390
3549
3623
6604
9428
5966
7845
8852
5771
2279
173
2109
272
0874
7881
5792
7838
4963
0566
453
2850
5417
4330
9362
172
1503
3354
0649
9334
0839
3441
693
8156
6743
4683
2016
665
4506
1750
70
659
6545
1113
751
5354
221
1120
2269
3744
0458
0481
0707
9176
2867
6558
4415
7966
4547
8074
5951
8291
925
8505
3722
034
2422
6710
5015
4815
7682
3692
340
5036
7288
6340
1803
500
5840
0682
672
1891
8399
0557
5543
8565
3759
6668
3714
5836
5429
4586
4253
8481
4384
1491
244
2243
4758
2274
4569
627
5862
1271
3353
312
9144
3813
7976
7985
001
8876
9395
830
6019
8499
2471
8583
6154
1800
346
3750
5844
7350
8513
6780
8315
6943
0340
2721
7160
4005
1177
2551
8762
4467
206
0184
119
7327
787
3317
3594
5032
0422
6825
7437
0932
7129
3977
4069
5249
7366
2250
7699
520
5233
7930
0552
3985
1492
0625
2763
5451
6099
5649
772
1854
2144
6518
4635
8088
0283
965
3613
4657
9234
682
8469
0985
3604
6446
7303
0185
6685
5914
0929
0916
9202
4131
5548
107
9244
1427
8594
0685
6106
8116
4183
1226
3814
6344
753
2525
8794
3894
8370
033
606
0782
6060
4638
1529
680
8445
6180
1100
2898
3760
6784
0754
4890
1641
5566
1286
1514
6862
8375
1792
9105
5663
4661
8389
4736
3154
8229
2639
1133
166
2574
7101
2056
8405
3939
8749
3056
0264
4220
5118
7534
5021
2183
0119
7611
3679
8511
9233
2499
5315
0788
6913
6707
5289
7868
897
6947
6844
8386
1230
0453
1894
5433
2780
8790
0713
7938
7937
5580
2852
9381
5605
3870
4151
8791
0034
2911
4258
7296
2726
3260
4480
3069
5576
9219
7128
6924
6078
368
0984
4814
4274
8392
4077
8318
8880
2931
3498
8920
342
6034
1183
7358
3218
0420
8018
3271
7067
5713
7853
5727
1180
1451
0349
2151
188
4199
8603
8976
5749
7674
2242
3261
4779
0965
2204
6996
1563
5685
0683
6954
3068
4964
2682
5735
2064
8592
8753
8670
673
0643
2463
6360
1862
301
2039
1925
1531
3656
399
7744
6438
8091
2609
6052
6559
5020
8142
079
0096
542
7379
63
6953
3120
6316
213
1601
5176
5709
4910
5738
6429
7933
6839
3965
2494
6066
8529
6178
5858
0360
3447
2747
1315
1254
655
3846
4369
129
1318
3097
0551
4608
730
8120
1759
3625
0350
9393
6719
2863
5303
4247
8618
7340
8230
5998
6523
8988
0496
2271
1766
4246
0401
4444
3338
1089
3226
066
2828
9154
6390
6929
0668
3970
5920
2873
1712
0405
7848
4020
5826
6742
3727
5508
7017
4224
6024
2458
0249
6733
0035
3960
7852
8225
4071
337
8663
0853
2079
5449
0935
0734
0288
8820
512
425
0470
7501
7064
5542
3822
4226
2957
731
5078
6141
000
5114
837
1366
1335
5806
6983
4255
0291
9427
8051
6094
6963
0864
7125
0793
9135
7987
4163
7620
3412
1415
355
0635
7185
5819
3577
1212
226
7115
7057
5737
3854
7491
1679
1431
5182
1580
2409
8384
2940
5779
5287
0367
5448
3778
8308
2605
8032
3840
1835
0720
1628
9273
1324
0059
7442
725
5297
6723
6374
7034
8724
0424
1365
3892
3515
0194
6047
8007
4321
9276
2778
9359
8371
5815
6651
0487
1684
4375
0287
29
2052
1838
4610
979
8164
3575
4139
97
3352
847
4325
7088
4825
7873
247
8379
5190
3542
267
4323
7691
5083
1994
5102
5293
0670
9147
1744
7641
621
8332
4130
7787
1469
8364
3694
8877
2794
8596
2718
8629
6547
3887
6811
0771
4231
4807
5981
5093
5099
2232
0154
3008
5852
0079
3689
1559
1111
0493
6877
0702
2933
6988
277
6557
6140
1341
0699
7289
7944
855
2831
68
6361
0878
2770
6886
901
5070
280
3890
791
6849
5957
5188
7542
1232
2491
1347
1537
7493
3838
4667
6312
3777
5992
967
1778
7188
0005
4672
5427
7304
5333
7278
5536
0665
4566
2904
6158
7565
1669
2919
4991
2460
2195
7038
3177
3149
6708
1705
5554
3708
1671
9155
4176
7645
263
193
2653
6961
4793
2324
2591
0852
2496
8347
6808
4684
9254
9412
200
4053
8726
2711
3103
9224
3334
2477
2340
5022
0733
1274
6955
1755
6175
7964
3046
3711
0127
1566
3207
8031
8292
6656
7762
3246
0918
4700
0473
6278
0631
0066
3065
6936
1564
3465
3309
5123
617
792
3361
628
0419
3272
7025
3837
8428
2338
3560
1638
0911
8630
81
3043
8464
8763
6706
012
7701
6791
6482
1938
7625
1595
5680
8401
2017
3224
3629
85
5944
1478
5158
2389
8219
3616
5652
8005
7334
4671
7164
5813
7760
6601
0873
3626
4173
044
5954
3147
4351
8171
8578
2557
0095
1675
6738
5017
6377
2847
6273
4260
4465
2566
8674
5028
430
3151
5624
3919
2573
4640
6538
547
1261
2380
6315
1935
5457
4665
9356
3685
0089
3671
4527
3443
7080
426
8193
783
2094
2260
5496
7179
4879
8744
6405
7138
3526
1095
6578
5726
7293
2208
7509
1358
5245
7389
5772
7733
7307
8115
2154
1690
7148
3472
6695
1466
6443
2837
4085
4966
0780
5476
7254
1151
816
4138
3110
7217
0644
4737
8093
7914
4239
8661
7472
8652
6048
8755
9122
8639
0887
3918
9217
1780
5550
3504
4471
1587
7569
096
626
4764
6920
3079
1831
4010
1954
4267
2429
0024
4761
6473
8946
4941
8693
761
0437
318
2875
3051
4798
2621
3156
7141
6851
3303
7510
1437
0525
4289
5764
2087
0829
5171
6770
8188
8785
931
985
8537
5244
4101
3482
4447
4413
4119
3524
7077
9357
8551
3640
3966
3468
1823
4778
6436
3003
2142
1907
6724
1962
2318
4112
6171
3078
121
0168
4261
4156
0016
2347
9423
8524
6146
1128
8159
0268
2531
0526
1285
599
3582
1204
4423
8711
0597
7877
1681
3721
6594
4595
2455
8356
6856
4207
3168
3276
0753
356
9394
4393
670
1717
421
3748
6284
5545
718
5371
4749
977
5150
4655
4813
5653
4426
3644
7558
0500
4454
9127
3091
0433
5789
7147
5327
7139
2481
568
8210
7807
828
7593
7518
8359
2640
8158
7517
0842
4498
194
403
3845
5955
4397
3126
7037
4332
2809
740
5368
0528
3587
1262
2285
9174
1246
5520
8191
678
3602
2008
202
098
198
3768
141
7900
6493
7564
074
7909
3774
3215
4331
3423
942
8555
215
8456
2086
5050
9120
5060
0610
0718
9309
1312
744
3245
8409
2102
6683
0354
0206
4710
8795
633
5574
6325
5367
4492
3460
1987
9317
0574
1238
191
0561
2254
1570
6562
508
2386
0257
961
0894
4125
0850
3842
0148
343
8285
3997
831
6722
360
4079
1368
959
652
8996
6400
952
6204
13
8775
6659
2774
1273
0282
0535
6522
1139
8001
3024
7724
8907
5157
38
6831
8650
0795
0334
0278
4721
3987
2910
5211
2513
1788
9385
6111
3990
1399
8117
8496
0604
7763
5002
7865
5349
3064
4509
4591
7973
5890
1104
2331
1087
1345
7553
3988
347
0599
1667
5638
0046
9236
5838
6621
6426
0368
5770
0234
6448
5210
5208
799
8021
3678
5949
7788
3826
4996
5639
1278
6012
3118
4057
1884
3680
8849
0666
8841
4218
1389
300
635
3462
023
5098
2798
3527
1436
4417
4221
1076
8367
5671
8993
4181
2814
8911
8620
4241
9342
265
1753
5127
3726
2178
3909
3664
551
8103
5906
7277
3327
2379
3828
7426
3665
2821
2448
443
7197
4765
3810
4392
5661
6002
5635
0341
6526
1811
248
1051
2329
4344
3248
4886
5155
3331
5073
5927
7365
776
2065
4694
2125
8147
6311
4692
2751
5246
9435
6916
6072
4335
6863
742
4633
0294
6774
41
9354
4967
1383
0815
0746
1611
2247
479
1101
2099
9328
2473
5334
0238
594
8041
775
8917
4917
2369
4
2641
5527
9289
8912
7943
818
7297
1664
7632
8078
8864
3469
0983
3121
3155
3087
7576
5043
2469
196
1543
6881
8512
0715
0141
5711
5657
7723
8847
6870
1912
6804
8311
1767
6892
2921
5695
5240
2988
966
5461
0818
8134
6308
2241
4630
3071
024
6330
3190
7617
7960
061
1547
7667
7903
5931
0410
5160
5969
2419
0907
4769
1558
7022
5358
329
77
0844
14
4082
071
543
7850
5510
6675
4063
2926
3170
8376
8453
1509
54
2244
0896
59
0486
0120
4602
8947
7161
0215
615
4347
2519
3598
7716
1984
5581
6449
5662
0461
3049
2442
634
884
5483
080
3932
3884
6871
2570
059
3380
7089
2917
147
0385
6857
0428
0824
8801
574
0246
664
6005
8919
5460
2145
1989
2209
2234
0966
4402
2865
7173
0832
4846
7545
879
3025
8173
2023
5488
0421
0327
721
5705
2667
51
696
0729
4327
3101
8909
1135
8635
0082
6504
3304
7771
1561
8943
5517
6873
1948
6492
0230
7495
2754
6847
6298
6120
3493
4307
6189
5141
8623
1746
4121
0384
2118
7978
4107
3949
5822
811
8935
7377
5936
3809
611
9415
1190
8027
8144
414
0004
0562
4669
4466
021
1404
4543
4847
9208
0346
6627
7229
2160
0724
5751
7062
1550
0598
6200
1154
8751
2197
5357
3794
3785
2855
3608
4272
2658
8170
7117
4195
417
6609
3901
9341
0856
0949
8460
0979
3089
9230
580
794
4866
1735
2790
708
7202
6329
827
521
3142
3445
4400
3410
545
1594
382
2521
7264
6222
4359
8293
8123
7339
2750
9245
5843
5912
64
2454
8656
5276
8417
0275
7557
7394
8632
3952
0258
3642
6728
2187
7656
9398
6682
4482
0357
240
8825
7773
8422
5266
6626
8694
3444
6948
3991
4276
5697
5830
8910
6914
2480
2547
064
7391
4544
6731
6292
097
8779
6512
8421
4288
7016
6637
483
0263
2385
4308
2737
4668
8492
5610
5023
8955
2881
4632
0941
1205
1
3471
5953
1061
8423
982
0761
5747
2401
6046
1439
5337
0477
0582
4146
1289
2964
8206
1805
0241
5026
3196
0946
0076
1424
1526
1425
8707
7970
4949
6646
9201
5278
9300
0459
1520
5014
8040
3757
5041
3140
6367
5339
1574
5683
5316
8238
8373
2158
2193
0805
5986
150
8647
2918
4901
2115
7562
3343
8570
3917
2224
592
4449
8952
1633
926
1933
647
2889
6098
7411
7911
677
58
34
3596
0030
803
2946
5777
8166
2562
4118
6889
130
8769
2729
2579
9158
1086
118
9159
3709
8515
2506
9411
473
7298
6485
7004
7758
2196
2894
2991
2877
8613
5870
4723
8741
2542
0876
6608
2567
047
5924
1493
36
3574
1337
5200
4690
2289
972
4835
0226
3859
4336
5038
0160
7604
0460
4095
6
3863
4435
7374
6551
1034
6720
0000
7351
8204
0126
4154
3763
2205
0108
666
4927
2120
451
8424
8485
886
5273
447
2221
3761
763
0441
2392
0606
445
5533
7594
02
4594
3707
8869
6554
5122
6037
3957
4186
1284
3100
2058
0961
6781
0055
687
5080
0772
1228
6156
8223
180
4582
7731
0490
929
5845
5492
5144
4491
1539
8418
4405
6076
566
6163
5803
8765
8479
4164
6991
1402
1033
2284
7715
4678
4838
8283
4961
6534
2014
8602
2288
6159
6902
8788
7452
6210
6596
361
8306
6014
231
1475
6295
6193
8365
1008
5896
0228
8048
3941
2261
1720
5194
3299
2167
5902
2122
2713
1363
9366
544
5937
7606
2259
3558
944
5677
7464
804
7363
2532
781
8270
2444
4228
5372
6693
16
4985
8937
2504
0529
4872
6582
1843
7751
850
8975
5691
2253
7624
2745
8420
8267
3735
3695
0064
3907
1117
7021
4076
158
46
857
3057
4716
3131
6276
9313
1314
8028
7972
8720
8112
0150
4742
1446
6753
0950
7782
2179
4313
0467
4346
5534
3446
499
1557
2344
1621
5684
8020
396
274
7814
5231
4852
8714
0003
887
5932
4819
1920
923
9433
2185
1756
6481
625
3457
0538
6901
3191
3603
2498
7879
6764
2377
156
4443
2
4970
2602
6762
4686
6067
8119
4971
0768
7580
2071
5754
103
947
3672
4287
0440
161
7770
6170
0502
1867
8477
7308
5939
4984
7007
5827
2111
2462
7468
5290
779
7712
6556
4039
4980
8621
0667
2070
2900
0592
3428
823
3011
0302
8084
0222
1518
3200
4796
4944
3982
1991
4337
3453
0099
9112
2979
1881
3461
0865
6796
4526
4577
470
452
7144
7623
0251
0435
1456
9137
1412
4575
1685
1807
1781
370
4953
3586
459
6395
911
2987
4468
1796
15
9142
4182
1011
9348
6414
2802
7982
4548
0153
743
6285
496
8122
8246
1542
7227
8893
7446
3007
0271
1381
909
5272
6853
035
3569
2372
1659
5455
1188
5074
7127
5965
7445
724
6826
5507
4304
8362
362
7312
6998
4192
1798
4062
4216
0903
1616
6495
0173
2361
4478
4376
610
0563
7001
5618
039
0468
8610
2982
0243
4371
589
8320
018
0902
1959
0085
1758
6394
7544
7033
8577
3566
1853
8009
4806
192
5251
2664
8962
7515
6705
4171
536
029
7268
3329
9259
9296
2069
7780
5718
2410
3899
0601
4315
144
656
6491
0678
5700
8063
4894
6064
4019
1969
5348
3856
3551
99
5967
2375
7934
6793
1710
6230
6709
684
1216
8682
6264
1353
7171
748
8766
2129
6183
4290
7514
1047
0110
3364
6687
5376
2220
734
8984
0981
4983
3286
3295
2177
0040
4550
2101
1377
832
7241
9148
8986
723
4865
089
058
4873
509
5872
2073
7159
408
0648
4403
2456
065
2483
3746
3491
0443
1382
1467
5309
1052
1967
8282
0125
1658
7478
2989
8533
1220
4059
4889
2928
8654
7232
3158
0174
6121
5712
6960
05
2626
8095
3875
4919
7413
0156
412
0092
062
7234
5617
649
8436
5130
7959
0408
1517
1916
5964
9417
0849
7354
0766
5734
7927
8526
7665
2539
4858
6291
5389
7483
822
4570
7690
8241
47
7721
490
0406
2484
6032
0945
6716
3815
5047
5193
0583
0972
4795
4092
5546
6082
6102
33
7772
6268
4399
4576
4992
313
1910
1443
4222
6801
8353
4324
9139
0596
7081
3476
5529
6119
6133
2148
7799
4791
1828
7270
9429
4612
1125
0366
6573
3691
5730
3857
6549
0363
4361
134
0259
5478
1698
9143
6255
867
1292
2907
7692
8815
6786
575
0399
2550
4554
8300
5067
6435
741
3698
1367
138
9371
8761
7359
4291
228
8797
6306
7657
1789
0323
5053
1223
2514
8319
2211
5383
4974
8178
515
0750
9333
3244
6798
1841
2634
3505
8944
916
8676
0821
1110
1648
1079
1339
0506
713
3975
0159
1181
2492
8250
88
0415
8276
0646
0652
7045
6776
4514
3833
28
1579
7104
0518
3674
1618
8745
8398
8442
4367
4341
2922
5616
2507
9164
0362
5049
2493
8312
6815
1348
3036
6765
2768
0959
1245
6910
6107
0609
49
6663
1651
2966
883
878
0938
4546
996
2097
6935
2760
1275
1951
6614
2348
4356
732
7784
7728
3375
8406
3365
4682
7505
6689
8651
7459
0205
2588
9188
8948
5094
3113
3579
7162
4598
2280
6179
3547
5980
3928
2538
0578
2050
1410
4174
5136
9107
7708
8649
5304
3667
939
8964
3844
8192
973
3350
8457
6624
9277
9274
788
2352
1830
9278
0792
8148
0905
1632
9322
4931
7321
5207
4995
5541
6617
6161
0867
2371
4859
4781
8965
2934
8331
6790
8867
1645
7901
1821
1548
2000
7239
2937
9198
5230
7347
5385
5241
0483
7309
4877
1661
2239
3570
3221
7639
1388
9251
8369
5765
2613
1296
4979
2457
5549
3138
0633
6806
4159
8412
6150
6369
5774
5971
8131
26
6093
9253
888
3881
2699
6053
2672
2654
8281
1656
238
1167
0705
1555
7885
290
2944
6848
1596
0586
2994
9294
6417
8484
6828
5407
4389
8189
7215
4893
4060
7975
836
0776
5503
7
2938
3812
4339
1686
7578
0297
2475
7586
3454
6044
4840
3414
821
4033
7508
9167
8381
8799
7496
1106
6239
5113
9336
0318
1990
729
8152
5453
5024
6216
5237
1972
3657
2010
8483
0479
3964
4626
6081
8108
5722
6574
407
3104
3114
3264
2275
6973
6746
7443
0884
127
5373
0514
1270
8438
9126
7123
6245
7152
89
7208
09
7345
5294
8092
3649
0376
2310
7574
1676
5232
3550
0641
094
0688
1646
8044
5674
616
2753
8383
1257
7230
3802
3868
5485
1892
1606
8310
7330
920
3167
009
4757
6824
0373
2074
9370
6237
7048
4986
918
5974
9288
5823
698
3466
2233
1634
6263
6957
3463
6376
0735
4329
1137
0693
2972
1307
2465
805
9383
7983
3855
0545
5578
3984
1002
9314
0106
5242
7898
8269
2103
1488
8067
507
6741
531
2509
3996
4234
8295
0023
4715
4933
7794
7409
2752
8155
7294
8403
3983
960
4724
381
699
4003
3536
6399
4096
5631
7659
5462
0337
2166
1127
2617
5758
6074
6464
6250
3202
6978
3480
1333
7828
4659
1846
4450
5281
0651
8168
132
1160
3715
511
7527
1093
8461
5037
0158
4250
4609
7381
50
7244
7119
2044
8455
624
257
6151
2226
2983
3519
1074
2181
5853
4114
2688
8808
0709
410
3016
1740
1397
6931
6732
197
9194
2432
429
6792
2777
0484
6644
9268
487
4631
7031
8721
7655
5679
0628
3943
5990
5432
549
7607
0797
5173
099
1955
5589
3617
1281
9119
6008
2397
4108
050
1468
7936
6500
8527
8777
4193
8357
7637
6207
2526
739
2223
0783
6950
9237
1234
5744
6149
3612
7074
8534
5185
5784
0975
0784
5119
5318
4735
7583
0361
0305
8313
1090
7729
1321
9323
1182
6496
424
4540
0612
8434
3914
7608
6474
5494
6006
040
4355
6304
7651
4055
1326
0823
3597
9206
7745
6090
3580
4184
3568
495
0145
7219
5950
2997
8407
5948
4165
6835
6735
8121
5221
8419
3257
9183
2467
5519
3477
7725
6686
0794
0616
7226
8145
3697
2976
3897
7210
8305
8394
8732
1603
5877
1818
7273
432
5128
2399
6603
3029
1762
3614
7238
7063
2915
3940
1541
6531
4075
4463
3633
0828
8239
0532
7416
5018
9321
0276
4354
8536
5564
9345
100
1957
7836
5139
8265
8666
3374
380
0247
9214
6413
3754
4525
8528
5601
1196
7174
0695
1945
3187
4214
2203
7056
6930
4238
6185
4297
2647
681
7841
3555
8180
0077
0381
0260
3872
1653
3585
1726
7923
5816
2749
7790
5487
6097
898
3745
8433
0135
8890
2362
928
8336
1556
4512
2025
6339
7247
8874
3185
4045
2786
266
5397
7245
6080
7630
9355
2954
9372
112
8871
2076
1357
760
5904
1672
7668
3186
474
5280
6126
0203
3418
6379
2131
1850
4773
0577
9293
3927
1625
0231
9161
862
528
1848
6296
2323
8835
8410
796
4604
8776
6476
2985
1068
1438
2405
8896
5795
3107
0858
7737
109
077
1889
8026
4044
3319
5647
4242
1779
7460
904
865
5490
413
601
8411
8274
546
4368
6836
8740
6760
2320
7168
2349
2150
3099
8197
607
8324
710
1893
1211
4997
0692
4189
070
0516
135
4430
6450
060
5692
1946
2839
527
0819
6516
2452
0581
4111
5562
7566
8853
2707
0789
5011
3628
1888
8904
834
2391
3490
2252
8550
0047
7582
3520
4508
5636
1115
1772
810
0540
5724
613
3781
1308
1319
4023
7573
7158
537
4578
1844
7858
6301
5834
5561
386
0909
0491
5356
5369
8298
3222
485
8214
7946
17
8153
1786
949
8149
0757
0439
5321
0944
3076
7892
6703
4522
4975
4673
6654
0329
32
154
2810
5568
562
0822
0130
7487
6071
9184
6969
8279
7687
0640
1569
5623
1609
6884
6190
0404
7825
3163
1699
5351
4374
5818
1317
6944
0482
8047
086
8932
4008
0200
2366
651
4251
1251
7646
7981
0661
3302
2518
0418
1637
4902
7283
1268
4860
5678
7757
0725
0866
3937
0053
7361
3108
856
2218
7800
4841
1165
1000
7274
8439
7952
2407
0765
8387
8781
1042
8690
6505
5164
5555
4141
3160
8659
0549
2680
3933
6453
8184
8774
6915
4502
3950
4100
71
1719
1865
2335
1988
076
8146
2720
0012
1642
0445
5474
4464
7536
0689
8580
2727
1194
4036
0593
4254
6721
5375
8437
9281
5179
4269
8374
8960
1793
4529
0068
7837
2791
7798
6326
3877
8196
2038
5908
0377
7290
7447
0728
8951
7912
7822
7815
2135
1060
6015
8167
2671
042
7180
0325
7874
0879
5645
4243
1122
2553
2537
8296
0402
8316
0572
1864
3239
2394
0216
1236
976
384
7537
2701
6923
1922
1053
7475
3636
8675
1048
1069
1170
5029
3710
35
1732
52
3995
8685
3289
78
5225
1136
924
2110
5922
4705
0590
0151
6201
5151
4349
7704
8653
5364
9110
1704
9101
1184
4951
4300
0286
7335
5701
4830
0619
0330
1915
1697
6779
6553
1455
3384
2277
2311
494
6386
3388
1639
1153
4713
7854
5897
4230
2978
7957
6248
1624
1505
3559
8333
2830
1901
4929
1592
3773
5226
7131
2744
4581
2355
0311
3699
8953
7559
2820
2869
3136
8642
8959
223
1914
7087
2292
8814
6982
8573
8030
8268
037
1725
2646
8066
5012
4918
2522
6907
8803
3508
9192
6240
6567
5940
5600
7393
9136
2804
6677
37
6341
0602
0974
892
5347
8177
6013
2799
6254
0396
4373
8601
7785
0049
8710
5628
084
8349
0576
2461
2601
7100
1130
53
7477
3094
0403
679
0891
1918
3913
0922
6974
1123
1836
4808
6402
456
6590
324
6749
5707
1030
975
4094
5387
7963
5044
8508
4266
1166
8452
1982
1185
8557
1340
3803
0080
5477
7906
0936
8426
1657
8150
7356
5676
008
0280
0277
8830
057
7069
5588
2536
2345
1921
1149
1930
155
8926
3255
6033
5497
5961
7384
885
2648
4528
2836
4553
8728
8326
5454
5184
6040
7941
1140
8013
0331
1070
6447
4147
4127
8034
2430
3385
3427
183
2535
6209
6242
7137
7535
3316
7592
1896
3499
7506
2823
5382
5799
7398
9347
467
9
1264
8427
377
4314
0296
5723
0022
304
268
6887
859
4198
1098
7095
7925
1619
404
4122
4303
1398
8706
2266
7461
558
1374
5260
1452
3962
4699
7631
9103
2336
7026
3770
6563
3134
1044
704
492
6906
3654
5739
8080
3306
2781
801
8925
2180
1857
3989
4851
4584
534
9377
8014
8949
3786
4670
4483
5169
3920
0358
4818
6946
3310
9375
0429
6802
5882
4412
1924
1463
746
0455
0351
6026
6580
3341
6750
5719
4756
6331
0986
2121
4752
7286
0136
4711
1644
0448
2583
0319
661
4453
4252
1444
829
4977
5916
1031
1590
4340
6468
7886
9114
7880
915
4732
9149
2090
717
9163
4379
3631
2062
7507
3038
7260
3624
747
1351
348
0189
6319
5085
6244
5101
2992
4475
3315
3513
7470
9358
4177
8971
3935
6640
4133
6065
4425
2959
1039
0157
6385
2229
6010
4691
3866
8416
0342
1259
5982
2622
5587
3869
7636
2792
8725
3223
3511
1934
6224
5597
1055
1722
4419
4306
8861
1384
3563
7420
5388
6827
5283
1501
0011
2545
5833
8950
3073
6819
0834
6294
8378
4217
1869
2629
1373
7242
0187
3592
8380
4912
4741
2669
1014
5223
5614
4452
3538
1279
0859
8463
8689
3704
6075
0883
6055
6323
8076
3001
3081
1390
9303
7824
0706
4945
7272
921
8139
5757
6771
394
1636
3290
7910
1583
4445
7548
6252
5898
5640
7282
8606
0398
2690
7107
4862
3337
2965
3971
5958
6958
9382
8704
2307
6430
7806
8340
3790
7076
4774
3811
2932
8900
3858
0067
8556
1839
3851
0898
2776
5946
9207
24
1083
7259
6261
3195
8345
6993
3521
9129
3998
9432
0755
390
9332
8708
0105
758
4787
3497
4519
5299
1450
825
7563
0298
8012
3539
9261
745
162
1895
3145
4938
0660
6249
0869
8860
2468
6860
2927
2219
5835
4658
7002
5582
3787
4624
0624
7644
0914
8498
5238
6964
3724
6528
7759
1477
006
178
8806
5009
0463
1023
7872
6653
5386
8517
1620
3864
2282
1956
0252
9124
8966
2801
7480
5473
371
846
0374
2325
7130
5553
0140
7967
420
6114
6503
2908
6773
1597
4822
6789
9117
8679
2173
2861
1791
8628
6083
8695
5855
8641
1360
8548
0588
4898
069
6513
0389
4712
688
3172
5528
5745
3999
5467
8101
5900
5420
6972
1354
4987
6524
5156
3733
2308
3188
3792
2650
6059
090
4433
5203
5523
3027
0355
3734
0790
7718
3981
5502
4685
7498
3115
0469
663
3439
4730
1589
2230
9130
2882
8019
4052
7342
2258
3400
9111
4473
6212
0284
7809
1906
3018
8221
0579
5263
7627
8941
2990
0511
1189
5292
9191
5999
770
0131
8983
6334
2037
6639
8631
0521
6701
0737
7489
0817
3297
0645
7024
4636
4006
8545
5027
053
3181
1723
0416
1370
9145
4441
3562
282
1860
6620
1804
1834
4037
8062
4797
3791
8275
0333
3553
7068
1693
2049
30
3780
0098
1820
1300
7320
6530
1078
2825
7734
0701
295
1362
9431
2326
8643
1598
4539
8887
5146
5766
0997
7082
6552
4104
0343
694
6777
5620
1288
1992
0594
7871
293
8859
8060
431
7177
3986
0904
3346
5394
239
2615
9325
174
3599
0192
3210
5424
4168
9374
66
1809
0176
423
3834
6933
6041
0225
2610
2416
8503
9232
0071
110
7738
3305
922
6028
7671
4587
0954
2734
2276
7231
8828
4293
6861
5129
8099
6744
3280
3635
2485
3470
3275
6690
3093
0014
1905
8474
9249
3370
1797
6100
1171
8105
0427
1222
0227
4446
7267
7444
7529
1953
4381
4352
3751
1344
0716
92
376
1249
2132
7066
2449
4500
3675
0517
4496
5894
9283
20
7951
3948
0943
5585
2012
6184
3501
0880
786
7977
7598
9258
4370
2636
6138
3084
7065
5572
1790
03
2164
5901
0232
3798
4026
7078
5669
5979
3407
4905
1012
7643
0913
1875
3503
0006
3165
1512
6506
8307
4172
0147
7666
5481
1578
3307
1858
3436
5105
6878
4521
5656
9168
5117
5731
3420
6122
7546
1817
2427
0412
7589
3923
5499
956
3725
5291
5786
4957
3479
2172
2032
6432
6585
8343
5142
3655
900
6623
1155
5907
6079
6696
0274
1784
4762
0417
7994
4086
4210
0391
8921
4438
4203
284
962
5637
1608
2398
6612
7547
1143
2975
1355
0655
1715
2546
4366
4144
6196
6783
5411
6807
5335
2028
5603
4969
2980
5740
0654
0796
3127
6984
4015
258
8235
0209
6167
2136
105
7890
1057
351
8521
1433
2302
948
3784
2249
2561
6874
7817
6226
7429
9299
0862
6912
0070
1405
5404
201
3411
1554
4414
5659
4943
2597
8669
6479
2581
3682
6401
2368
1416
2327
0669
8992
4041
3758
1364
667
2759
8217
7634
165
591
0207
4140
1845
5515
6256
588
0088
0559
9239
5849
3955
2724
3565
583
3474
1701
120
7670
3836
7243
5196
1458
5871
7694
4681
0711
5425
638
1532
387
1423
8341
6990
5717
7899
1414
2297
9287
2411
349
6375
078
854
8687
9252
6309
5259
5699
3535
1243
7488
2268
0031
4688
08
2084
6968
0736
5841
4115
9218
3442
9248
8958
0450
8490
7348
968
5538
3849
4771
1484
6599
0674
2168
6258
8865
2068
4411
0149
1829
2963
2888
4908
6997
2548
4839
3141
2055
1932
989
1718
220
0989
3737
0290
1311
7703
1449
7895
4754
3481
7684
2511
8289
1775
3533
8195
586
3686
6584
8400
5384
5493
4760
3769
5030
7538
9106
1150
2762
7378
6613
8385
0515
6970
6192
7532
1999
3227
19
8186
8211
9343
4605
5817
0569
6452
8459
784
7755
2281
5366
1025
2479
3075
3771
3576
8259
8961
0573
6362
7319
045
0587
8504
998
552
2723
4148
0732
4714
3122
5491
5286
2630
7855
0312
3162
5506
1302
2796
593
233
5089
0165
6116
0690
5928
6583
1908
0811
6345
7499
7018
4639
2592
4456
5279
7190
932
5178
7554
3000
7662
2644
4098
6462
8107
0048
8264
8327
5034
5189
1112
4708
556
6572
3782
6003
5343
1652
9346
4513
8981
8892
4396
8017
8826
2295
0315
9312
5143
6662
8242
2171
0507
0365
4934
1674
5058
1866
1729
6934
2704
444
3109
4420
5069
415
4317
002
4926
7332
4625
1662
4900
0622
6666
310
0211
4132
7368
0191
0269
7961
7036
8997
8686
6515
8559
2843
5313
6455
2956
9434
273
7921
264
7003
7840
6932
7521
8600
7408
2319
7322
1552
0740
631
826
3373
1024
4751
4142
2490
8677
6872
5837
8519
6965
1808
841
2995
3806
4978
8061
1971
7367
4305
1673
2418
0171
4727
870
2695
6253
5798
8065
3063
3180
5703
1255
3906
0063
8054
8819
345
6387
4038
3041
7803
7192
3022
2116
2441
7150
2227
7157
3885
4188
5443
1146
7924
1407
1213
341
6605
4960
6021
716
7917
0137
4022
8035
2189
8212
5004
3058
3250
7949
3175
5166
5412
7189
620
9240
5706
5716
4909
7793
7810
7476
3197
1640
3116
0313
3254
1586
2007
2698
9424
016
1343
7072
7999
6548
7916
4074
946
3934
3238
393
3492
5120
3912
4372
3963
5994
8624
3363
6384
0179
8783
0167
2026
5611
8132
4896
3537
3206
9241
0875
6208
2764
9265
1479
7032
8129
4915
6416
3344
0235
7047
8802
2868
9170
4090
5398
3432
3821
8836
7111
2576
2568
3059
3393
8845
4298
2673
6424
2321
4689
3824
0457
3072
7572
2424
2472
1267
0426
402
1091
4387
2126
216
3755
538
8172
6595
1584
7683
0953
6803
0575
1282
4236
6398
7109
5654
2343
1059
5191
0497
3775
2003
1097
8258
6383
3732
0523
2030
3033
2970
9269
8090
3234
4939
0328
8991
5088
2290
5947
0647
6307
8793
0679
5112
4940
0352
1975
840
2974
7567
1209
3314
4437
252
4574
3926
4150
3241
7287
5831
0495
0996
1124
7473
0041
3716
0751
941
3219
6101
0726
6259
3021
4615
6535
8929
2104
4457
1391
8344
7628
289
2684
8586
4461
7116
4048
4816
8598
1776
2604
5229
1207
3045
0872
8042
488
6712
405
5248
7176
8467
0663
4571
3500
9169
18
4158
7821
5521
9226
3992
0081
6218
1536
5086
5743
6591
8916
1898
5274
2001
441
7434
1521
0042
5622
1301
6373
2571
5447
0931
0295
1225
8280
4424
0124
7520
3615
7113
4728
1998
4677
6177
8990
6904
6132
8692
6855
2560
7713
0074
5567
5068
476
9386
1966
1419
4897
4811
8987
993
8750
7688
4117
7000
3483
3762
9203
8883
3904
0813
612
2923
6172
7083
4750
104
4740
7774
4034
3766
5778
6942
2782
6089
654
091
122
3139
793
3004
7450
914
8891
570
1385
3328
2199
5615
6800
7633
5696
3
2117
7165
2272
297
0809
645
1295
6073
42
3173
5310
2624
4954
7883
279
4709
0868
3799
91
3054
8617
8302
3720
5097
712
6597
0971
187
5423
2705
140
465
4204
833
4789
6456
0845
2893
1927
991
7387
4903
0183
7989
523
3182
1507
4776
9272
7338
8831
9118
9282
8657
2846
0520
3891
1575
0556
7220
2608
7418
0541
5573
2743
4930
7679
6866
6349
1299
0836
0393
2871
7422
436
2885
052
0390
3564
584
6634
930
9302
5780
8073
8816
6566
0937
9361
8684
2812
7305
7915
6317
2890
1868
6715
5392
9116
7246
6919
3405
955
0513
8612
943
2961
548
8038
6864
8736
0166
1738
4406
0960
317
7816
1197
9326
4719
853
7344
4956
873
6927
3688
0934
5035
5395
1005
57
0272
5776
5596
7364
4240
2856
0253
2730
3368
3292
2313
6419
5361
8713
1859
2599
5416
8390
5045
3647
5236
1612
5270
3164
0465
978
765
2270
0489
1812
7568
6962
2263
4855
8057
2035
5829
5756
4025
4404
2662
5609
2093
4084
4747
4179
8856
7570
8082
6388
4645
5471
4882
5863
2732
4824
0543
1349
3408
8810
1973
7449
4073
0638
0743
5984
9229
2217
5019
5802
2423
2228
6004
0831
8489
8125
5824
597
0800
5909
0466
0303
3700
3823
7638
2332
6787
814
4706
3269
3211
2708
1071
8003
5430
6137
2378
8475
075
7105
7781
8187
357
9204
1837
0664
7950
6571
3359
8480
4212
5537
5868
1269
2829
7396
0073
685
0452
168
2587
4162
8581
3320
4479
4937
5003
0804
7212
7528
6859
0696
7587
6619
3161
8128
0508
2382
1227
0893
4803
0560
0999
9384
4899
838
8451
2887
8980
9100
1810
5604
5859
0414
5415
4891
2611
0371
4704
0871
2914
648
6281
8999
603
7314
5470
5213
5149
5212
7456
7664
5243
3298
9189
3209
3659
3387
9209
1107
8138
1887
0835
5087
9165
3954
2020
232
2563
3237
3706
4135
1534
958
3300
4616
4552
0605
4850
7533
3776
0958
9177
8203
9351
2057
8325
1327
782
2433
1010
9360
6810
3282
6737
5051
1747
0533
6739
96
4955
9315
8351
7974
7523
6759
7237
285
0043
7647
629
5879
6507
5401
7184
4820
2034
2495
5865
6756
2256
3831
7597
5968
6692
1105
7436
7560
128
5794
813
9193
8372
330
4993
1206
4676
2500
4058
1102
2155
1224
8644
1900
043
1092
0928
2255
2207
1323
4588
4286
2174
3014
0310
7947
8321
2614
668
6980
072
12
7020
3978
6103
2466
8334
9138
2675
3278
4885
3203
5943
2845
8085
7012
5851
6328
354
2304
6007
3015
0675
8222
8157
75
5300
6629
6431
4837
4654
5061
8773
5643
8995
5646
7382
0686
6365
6745
1546
2616
3789
785
5442
8493
4358
292
1516
7099
9162
9363
7896
6967
336
3902
4845
7863
4012
3573
6945
2607
1626
1688
4867
6056
539
9133
0202
7913
1336
3236
1721
767
1174
3743
3646
525
0338
7962
2884
7432
0951
1877
4775
6717
720
3266
4864
576
314
4946
4518
2176
9215
5540
497
5001
7181
1310
3530
6510
4999
3684
9291
